请输入杨辉三角的行数（1-20）：5
        1
      1   1
    1   2   1
  1   3   3   1
1   4   6   4   1

请输入杨辉三角的行数（1-20）：3
    1
  1   1
1   2   1

请输入杨辉三角的行数（1-20）：1
1

请输入杨辉三角的行数（1-20）：21
行数必须在1到20之间！

测试用例1：
输入：
5
输出：
        1   
      1   1   
    1   2   1   
  1   3   3   1   
1   4   6   4   1   

测试用例2：
输入：
3
输出：
    1   
  1   1   
1   2   1   

测试用例3：
输入：
7
输出：
            1   
          1   1   
        1   2   1   
      1   3   3   1   
    1   4   6   4   1   
  1   5   10  10  5   1   
1   6   15  20  15  6   1   

测试用例4：
输入：
1
输出：
1   

测试用例5：
输入：
0
输出：
请输入1到100之间的正整数 